((("js-mode-map" .
   [0 0 0 0 1 0 0 0 0 0 0])
  ("Array" .
   [0 0 0 1 0])
  ("b" .
   [1])
  ("var" .
   [2 0 0])
  ("repeat" .
   [1 0 0 0 0 0])
  ("sub" .
   [2 0 0])
  ("xB" .
   [2 0])
  ("xN" .
   [1 0])
  ("mulP" .
   [1 0 0 0])
  ("xP" .
   [1 0])
  ("val" .
   [1 0 0])
  ("el" .
   [2 0])
  ("mul" .
   [2 0 1])
  ("binOp" .
   [1 0 0 0 0])
  ("foo" .
   [2 0 0])
  ("tuple" .
   [6 0 0 0 0])
  ("Point" .
   [1 0 0 0 0])
  ("copy" .
   [1 0 0 0])
  ("findNext" .
   [1 0 0 0 0 0 0 0])
  ("adjust" .
   [1 0 0 0 0 0])
  ("2xN" .
   [1 0 0])
  ("condition" .
   [1 0 0 0 0 0 0 0 0])
  ("while" .
   [1 0 0 0 0])
  ("None" .
   [4 0 0 0])
  ("retur" .
   [1 0 0 0 0])
  ("indexswap" .
   [0 0 0 0 0 0 1 1 0])
  ("tmp" .
   [4 0 0])
  ("Exception" .
   [3 0 1 0 0 0 0 0 0])
  ("all" .
   [1 0 0])
  ("epsilon" .
   [0 0 1 1 1 0 0])
  ("abs" .
   [2 0 0])
  ("eye" .
   [3 0 0])
  ("Write" .
   [0 0 0 1 0])
  ("repr" .
   [4 0 0 0])
  ("initMatrix" .
   [0 0 0 0 1 3 0 0 0 1])
  ("initVal" .
   [2 0 0 0 1 0 0])
  ("numCol" .
   [0 0 0 0 0 1])
  ("numRow" .
   [0 0 0 0 1 0])
  ("map" .
   [2 0 0])
  ("traverseBinary" .
   [1 0 0 0 0 0 0 0 0 0 0 0 0 0])
  ("traverseUnary" .
   [1 0 0 0 0 0 0 0 0 0 0 0 0])
  ("acc" .
   [3 0 0])
  ("float" .
   [1 0 0 0 0])
  ("nums" .
   [6 0 0 0])
  ("filename" .
   [2 0 0 0 0 0 1 0])
  ("right" .
   [1 0 0 0 0])
  ("left" .
   [2 0 0 0])
  ("applyfunc" .
   [1 0 0 0 0 0 0 0 0])
  ("memb" .
   [1 0 0 0])
  ("apply" .
   [0 0 0 0 1])
  ("unifyfunc" .
   [0 0 0 0 1 0 0 0 0])
  ("__radd__" .
   [0 0 0 1 0 0 0 0])
  ("lambda" .
   [5 0 0 1 0 0])
  ("traverse" .
   [1 0 0 1 1 1 0 0])
  ("generated" .
   [2 0 0 0 0 0 0 0 0])
  ("func" .
   [2 0 0 0])
  ("isinstance" .
   [0 0 0 0 0 0 0 0 1 0])
  ("number" .
   [2 0 0 0 0 0])
  ("TypeError" .
   [0 0 1 0 0 0 0 0 0])
  ("addNumber" .
   [0 0 0 0 1 0 0 0 0])
  ("addMatrix" .
   [0 0 0 0 0 1 0 0 0])
  ("or" .
   [3 0])
  ("raise" .
   [5 0 1 1 0])
  ("not" .
   [6 0 0])
  ("is" .
   [4 0])
  ("type" .
   [6 0 0 0])
  ("zip" .
   [6 0 0])
  ("strmatrix" .
   [4 0 0 1 0 0 0 0 0])
  ("__str__" .
   [1 0 0 0 0 0 0])
  ("matr" .
   [1 0 0 0])
  ("except" .
   [0 0 0 2 0 0])
  ("other" .
   [36 0 0 0 0])
  ("try" .
   [2 0 0])
  ("shape" .
   [9 0 0 0 1])
  ("array" .
   [5 0 0 1 0])
  ("staticmethod" .
   [0 0 0 0 3 5 0 2 0 0 0 0])
  ("deepcopy" .
   [0 0 0 1 1 1 0 1])
  ("list2d" .
   [6 0 0 0 0 0])
  ("Matrix" .
   [28 0 0 0 0 0])
  ("int" .
   [4 0 0])
  ("row" .
   [17 0 0])
  ("line" .
   [3 0 0 0])
  ("strMatrix" .
   [4 0 0 0 0 0 0 0 0])
  ("matrix" .
   [44 0 0 0 0 0])
  ("self" .
   [84 0 0 0])
  ("configFile" .
   [1 0 0 0 0 0 0 0 0 0])
  ("class" .
   [3 0 0 0 0])
  ("pcntrain" .
   [1 0 0 0 0 0 0 0])
  ("indices1" .
   [4 0 0 0 0 0 0 0])
  ("indices0" .
   [2 0 0 0 0 0 0 1])
  ("pima" .
   [8 0 0 0])
  ("where" .
   [1 0 0 0 0])
  ("pcn" .
   [5 0 0])
  ("please" .
   [0 0 1 0 0 0])
  ("np" .
   [1 0])
  ("numpy" .
   [1 0 0 0 0])
  ("join" .
   [4 0 0 0])
  ("patternIndices" .
   [2 0 0 0 0 0 0 0 0 0 0 0 0 0])
  ("testFile" .
   [1 0 0 0 0 0 0 0])
  ("what" .
   [1 0 0 0])
  ("append" .
   [2 0 0 1 2 0])
  ("indices" .
   [5 0 0 0 0 0 0])
  ("index" .
   [2 0 0 0 0])
  ("genome" .
   [2 0 0 0 0 0])
  ("close" .
   [1 0 0 0 0])
  ("file" .
   [2 0 0 0])
  ("ifile" .
   [3 0 0 0 0])
  ("actual" .
   [2 0 0 0 0 0])
  ("test" .
   [1 0 0 0])
  ("res" .
   [9 0 0])
  ("ofile" .
   [2 0 0 0 0])
  ("open" .
   [5 0 0 1])
  ("print" .
   [47 0 0 0 0])
  ("txt" .
   [14 0 0])
  ("reverseComplement" .
   [0 0 0 0 0 1 0 0 1 0 0 0 0 0 0 0 0])
  ("deque" .
   [2 0 0 0 0])
  ("from" .
   [3 0 0 0])
  ("complement" .
   [2 0 0 0 0 0 0 0 0 0])
  ("resulting" .
   [1 0 0 0 0 0 0 0 0])
  ("nucleotide" .
   [1 0 0 0 0 1 0 0 0 0])
  ("dnaString" .
   [1 0 0 0 0 0 0 0 0])
  ("frequentPatterns" .
   [0 0 0 0 0 0 0 0 0 2 0 0 0 0 0 0])
  ("add" .
   [3 0 0])
  ("max" .
   [1 0 0])
  ("maxCount" .
   [1 0 0 0 0 0 0 0])
  ("pat" .
   [1 0 0])
  ("patternCount" .
   [1 0 0 0 0 0 0 0 0 0 0 0])
  ("list" .
   [5 0 0 0])
  ("in" .
   [41 0])
  ("set" .
   [1 0 0])
  ("FrequentWords" .
   [0 0 0 0 2 0 0 0 0 0 0 0 0])
  ("if" .
   [14 0])
  ("pattern" .
   [7 0 0 0 0 0 0])
  ("len" .
   [20 0 0])
  ("range" .
   [39 0 0 0 0])
  ("for" .
   [46 0 0])
  ("count" .
   [7 0 0 0 0])
  ("text" .
   [13 0 0 0])
  ("str" .
   [10 0 0])
  ("return" .
   [50 0 2 0 0 0])
  ("def" .
   [34 0 0])
  ("as" .
   [3 0])
  ("import" .
   [11 0 0 0 1 0])
  ("optimize" .
   [0 0 0 1 0 0 0 0])
  ("x3" .
   [2 0])
  ("x4" .
   [2 0])
  ("x5" .
   [2 0])
  ("n10" .
   [1 0 0])
  ("x1" .
   [1 0])
  ("x2" .
   [1 0])
  ("x10" .
   [1 0 0])
  ("symbols" .
   [1 0 0 0 0 0 0])
  ("printH" .
   [1 0 0 0 0 0])
  ("err" .
   [3 0 0])
  ("err2" .
   [4 0 0 0])
  ("err1" .
   [1 0 0 0])
  ("bla" .
   [5 0 0])
  ("else" .
   [2 0 0 0])
  ("False" .
   [3 0 0 0 0])
  ("True" .
   [2 0 0 0])
  ("same" .
   [1 0 0 0])
  ("precision" .
   [1 0 0 0 0 0 0 0 0])
  ("pass" .
   [1 0 0 0])
  ("localStorage" .
   [0 0 0 0 0 1 0 0 0 0 0 0])
  ("listItems" .
   [1 0 0 0 0 0 0 0 0])
  ("function" .
   [0 0 0 0 0 0 0 1])
  ("g" .
   [1])))
